ls

    4224 a64.bin
    4160 bb.bin
    8192 dwt.bin
     128 hello.c
    4224 img1.pgm
   12544 lena_rgb_64.bmp
    4224 lena_rgb_64.pgm
     384 sine.c
     128 test.c

/: 

    cat - display a text file, use -p to paginate
     cc - compile & run C source file. cc -h for help
     cd - change directory
  clear - clear the screen
     cp - copy a file
 format - format the filesystem
    hex - simple hexdump, use -p to paginate
     ls - list a directory, -a to show hidden files
  mkdir - create a directory
  mount - mount the filesystem
     mv - rename a file or directory
   news - what's new in this release
   quit - shutdown the system
 reboot - restart the system
     rm - remove a file or directory. -r for recursive
 status - display the filesystem status
    tar - manage tar archives
 umount - unmount the filesystem
version - display pico shell's version
     vi - edit file(s) with vi
   xget - xmodem get a file (pico->host)
   xput - xmodem put a file (host->pico)
   yget - ymodem get a file (pico->host)
   yput - ymodem put a file (host->pico)
    dwt - dwt lena_rgb_64.pgm
    klt - in out 1
    j2k - In File Out Frile Compression Ratio Compression 0 Decompression 1
      # - comment line

/: klt img1.pgm klt.txt 1
4 img1.pgm klt.txt 1
0
P5
# Created by GIMP version 2.10.22 PNM plug-in64 64
255
95 100 103 106 108 111 115 118 121 124 126 127 127 128 130 130 131 131 132 132 133 133 134 135 136 136 137 137 137 138 139 139 139 139 139 142 142 132 139 143 143 143 143 143 143 142 143 142 141 141 138 137 134 133 129 126 124 119 114 111 108 104 103 98 92 94 100 102 104 106 109 112 116 119 121 124 124 125 126 126 127 128 129 130 130 130 131 132 132 133 134 134 135 136 137 137 138 138 138 139 141 127 137 142 142 142 142 142 141 141 141 141 139 139 137 135 132 129 127 125 121 117 112 109 106 102 99 95 90 91 97 100 103 104 106 109 113 116 118 121 104 93 95 96 98 109 130 129 129 130 130 131 132 132 133 134 134 135 136 136 136 137 137 138 139 125 137 142 142 143 142 142 141 140 140 139 139 138 136 134 132 129 127 124 119 116 113 109 106 101 98 94 90 90 95 99 100 102 105 107 109 113 115 115 88 79 75 74 75 79 129 128 128 129 129 130 131 132 132 133 134 134 135 135 136 136 137 138 140 125 137 142 142 141 141 141 141 140 140 139 138 137 136 133 131 129 126 123 119 116 112 108 105 101 98 95 87 90 94 98 100 101 103 105 106 109 113 107 87 97 85 67 69 81 126 128 128 128 129 129 130 131 131 132 133 133 133 134 134 136 136 136 139 124 137 141 141 141 141 141 140 140 139 140 138 138 135 134 131 127 125 122 119 117 112 108 104 100 98 95 87 90 93 96 99 101 102 104 106 108 109 165 226 229 211 150 81 197 208 187 149 127 128 129 129 130 131 132 133 133 133 133 134 135 136 136 138 124 136 139 140 140 139 140 139 139 139 138 137 136 134 132 131 127 125 122 119 114 111 107 104 100 97 95 87 88 92 96 98 101 101 103 105 107 114 214 235 235 235 232 158 132 175 193 211 205 154 127 129 130 131 131 132 132 133 133 134 135 135 136 138 124 135 139 138 139 139 139 138 138 137 137 137 136 134 132 130 127 125 122 117 114 110 107 103 100 98 95 86 88 91 95 98 100 102 103 105 106 144 232 235 235 235 235 227 138 124 155 167 184 211 192 131 128 129 131 131 132 133 133 133 134 135 136 137 123 135 139 138 138 138 137 137 137 136 136 136 135 133 132 129 127 124 120 117 114 110 106 103 100 98 95 87 86 89 94 96 99 101 102 104 104 184 235 235 235 235 235 235 214 132 124 137 158 175 200 210 144 127 130 130 131 132 132 133 133 134 134 136 124 134 137 137 137 137 136 137 136 135 135 134 133 131 128 126 125 123 119 116 113 109 106 102 99 97 94 86 86 88 93 96 98 101 102 103 110 213 235 235 235 235 235 235 234 192 121 122 128 148 172 192 213 148 128 131 131 131 132 132 132 132 133 134 123 134 137 136 136 136 135 135 135 135 133 133 132 99 65 68 122 124 118 113 110 107 105 101 98 95 92 86 84 86 91 95 98 100 101 103 130 227 235 235 235 235 235 235 235 230 163 119 124 125 143 175 192 213 138 129 130 130 131 131 132 132 133 134 122 133 136 136 136 134 135 135 135 135 134 133 133 86 19 28 122 123 100 62 65 66 64 63 62 59 54 85 84 86 90 94 97 99 101 102 159 234 235 235 235 235 235 235 235 235 216 155 186 174 171 181 180 199 205 172 176 173 173 175 177 179 165 159 148 155 156 153 157 159 163 147 136 133 134 133 131 83 19 29 120 123 95 50 52 52 51 47 44 39 35 84 82 85 90 94 97 99 100 101 184 235 235 235 235 235 235 235 235 235 234 204 204 213 211 207 195 182 212 219 206 212 206 209 209 208 213 208 213 214 213 218 216 223 223 224 171 129 132 131 132 83 19 30 121 122 94 51 52 49 44 40 37 51 75 83 81 85 89 92 95 97 99 104 204 235 235 235 235 235 235 235 235 235 235 232 205 210 211 210 209 190 192 224 205 206 204 205 204 204 206 205 205 204 205 205 204 205 204 206 169 128 132 132 132 81 19 31 122 121 91 42 42 39 40 61 84 104 113 82 81 85 89 92 95 97 99 114 216 235 235 235 235 235 235 235 235 235 235 235 230 209 209 207 211 203 196 215 210 205 200 204 204 201 207 200 205 204 202 205 199 205 203 205 167 128 131 130 130 77 19 33 122 121 87 32 44 68 93 108 117 125 136 82 79 82 91 93 95 96 98 127 224 235 235 235 235 235 235 235 235 235 235 235 235 230 212 160 165 155 215 221 216 158 199 175 155 206 165 165 180 186 157 180 189 206 204 207 166 127 130 129 129 74 19 34 122 120 91 75 98 110 125 155 155 161 177 74 61 88 97 94 94 95 95 142 227 235 235 235 235 235 235 235 235 235 235 235 235 235 232 172 142 134 228 234 223 127 208 177 124 215 139 174 127 171 124 161 212 207 207 209 165 126 129 129 128 73 19 35 122 118 109 110 120 131 153 169 163 164 167 52 42 67 54 87 91 92 91 147 220 231 234 234 235 235 235 235 235 235 235 235 235 235 235 234 215 220 235 235 225 135 186 177 123 188 119 161 196 130 129 125 198 210 209 210 164 125 128 128 127 69 18 35 123 118 118 134 149 168 182 164 163 165 166 48 42 40 35 39 49 56 53 63 83 98 113 135 136 150 221 235 235 235 235 235 235 235 235 235 235 235 235 235 226 169 170 180 170 171 174 172 185 177 172 178 188 212 210 212 164 124 127 127 127 69 19 35 120 114 134 170 165 170 186 176 192 193 180 32 20 18 18 19 19 19 19 18 21 22 23 23 23 41 204 235 235 235 235 235 235 235 235 235 235 235 235 235 220 163 165 166 168 160 165 161 175 162 165 173 187 212 211 213 164 123 126 126 125 93 67 77 87 69 115 131 49 61 107 65 175 120 64 32 20 18 18 18 19 18 18 18 21 22 21 22 22 37 200 234 235 235 235 235 235 235 235 235 235 235 235 233 188 165 195 193 200 200 205 200 205 204 202 207 203 210 210 211 163 122 125 124 119 76 58 64 50 60 76 84 80 101 87 55 174 91 110 32 19 18 18 18 18 18 18 18 20 22 21 21 22 34 191 213 211 218 226 232 235 235 235 235 235 233 221 185 163 165 203 156 197 206 208 207 209 210 208 210 209 211 213 214 161 120 111 96 84 63 41 40 37 52 54 61 75 176 168 45 174 88 111 32 19 18 18 18 19 18 18 18 20 21 21 21 22 29 174 196 188 186 184 187 196 203 206 204 197 185 171 166 163 161 186 145 143 185 199 205 209 210 208 211 209 213 213 200 124 81 86 73 52 52 36 32 31 41 63 64 70 94 106 52 175 86 112 32 19 18 18 18 18 18 18 18 20 20 21 20 22 27 165 189 182 178 174 172 169 167 166 164 160 160 159 159 151 139 84 114 123 122 130 159 179 179 179 184 181 198 215 127 76 60 48 65 48 39 35 25 35 58 61 61 58 45 89 53 144 73 98 31 18 17 18 18 18 18 18 18 19 20 21 20 22 26 126 147 139 136 132 129 124 119 114 109 103 97 88 76 63 63 66 71 109 153 175 185 207 207 208 210 210 214 210 100 81 64 38 48 44 34 31 32 59 59 68 65 88 143 166 132 131 148 118 31 18 17 18 18 18 18 18 18 20 21 21 20 22 25 96 111 104 98 86 74 59 55 54 53 53 52 52 53 53 61 66 70 77 169 206 194 215 213 212 214 213 216 190 73 57 50 38 37 37 33 28 49 57 56 73 59 105 187 189 191 193 195 188 31 18 18 18 18 18 18 18 18 20 21 21 20 22 25 87 100 96 95 95 99 99 94 86 72 57 53 52 53 53 60 66 74 155 199 192 182 205 210 213 218 213 218 138 69 71 54 36 34 35 29 34 45 51 61 67 57 104 146 161 180 190 192 184 31 18 18 18 18 19 19 18 18 20 21 21 20 23 23 97 116 116 117 106 94 89 88 89 93 96 89 75 54 52 66 61 44 61 66 70 78 100 190 222 218 217 220 152 70 95 66 42 35 30 33 40 39 50 70 76 64 103 122 128 141 157 175 188 61 34 26 23 22 23 23 21 22 25 29 35 42 47 52 71 50 38 50 76 96 103 107 104 95 87 86 91 94 76 74 102 84 43 50 57 69 93 185 221 218 217 220 194 72 71 76 81 63 37 32 35 39 48 61 73 72 76 98 110 117 126 136 153 89 93 91 90 93 104 100 91 87 102 109 105 87 75 51 47 43 38 36 36 42 37 41 56 83 103 103 100 87 91 99 105 106 68 48 57 69 94 185 222 221 217 221 217 140 65 78 86 84 76 41 36 50 49 53 67 66 60 48 65 91 106 114 133 77 78 49 37 41 52 57 62 65 76 66 47 26 25 21 65 187 163 72 133 178 144 133 123 109 142 35 70 97 103 105 115 111 75 48 58 70 94 189 227 223 222 221 214 202 90 73 94 92 81 72 50 46 40 39 47 60 69 54 42 38 59 87 112 81 86 47 18 41 64 65 65 67 71 71 70 47 20 21 72 182 182 147 190 140 186 118 170 150 114 26 33 35 64 113 106 110 79 77 81 90 110 195 227 226 199 141 89 89 70 68 70 71 74 79 77 66 50 39 38 57 59 64 57 48 42 39 56 82 88 50 38 66 68 69 68 67 72 74 72 69 37 20 70 170 167 158 190 108 189 88 179 175 67 29 33 34 36 77 131 194 214 210 196 181 225 226 216 177 93 69 71 72 35 40 57 79 90 89 72 74 62 47 32 35 53 72 68 59 57 87 84 80 88 53 60 65 124 121 129 94 105 122 90 68 57 19 65 196 190 133 191 111 190 84 155 172 53 30 33 34 37 103 215 226 227 229 214 205 235 217 116 77 78 70 82 72 50 38 43 77 93 77 70 64 71 48 34 26 42 60 61 67 69 102 104 79 89 61 66 64 132 125 145 124 153 158 81 70 64 23 65 193 185 146 190 113 191 88 169 176 71 29 33 35 64 115 218 226 229 230 235 231 229 156 69 68 71 72 77 74 61 39 31 55 60 63 70 66 61 53 45 32 33 47 55 73 134 118 134 78 90 73 65 68 119 123 124 126 134 133 92 78 65 26 64 177 162 171 187 118 190 102 176 150 117 26 32 57 101 107 218 232 233 230 231 198 130 73 68 66 66 57 57 83 61 39 27 33 52 63 63 55 51 46 39 34 29 55 64 63 68 69 70 76 91 79 65 95 139 138 131 152 127 160 143 78 66 26 58 181 157 176 182 159 190 128 165 108 157 31 69 101 91 92 218 235 235 207 133 85 74 66 62 61 59 51 75 86 63 41 26 39 75 80 77 66 52 41 35 32 29 47 54 56 67 66 65 74 92 79 67 85 131 153 127 125 125 126 140 68 64 23 48 147 112 153 113 180 143 96 100 46 90 90 95 87 82 83 218 233 212 99 79 79 71 65 60 57 53 55 90 84 57 39 26 28 50 61 70 68 69 60 50 45 35 52 63 55 62 75 75 69 93 80 67 68 105 132 120 112 101 130 140 75 57 19 44 132 114 122 112 111 107 67 67 95 98 85 86 80 53 86 218 229 166 76 79 77 70 68 63 54 46 72 94 78 52 35 28 38 64 55 48 46 47 58 56 43 45 64 56 53 59 106 203 67 94 83 68 73 130 110 163 130 140 148 139 67 42 20 52 199 142 198 129 139 125 135 97 88 85 86 70 46 52 84 219 233 143 80 79 74 71 66 62 54 50 84 89 71 47 32 30 50 63 58 54 45 35 37 35 35 57 69 62 52 55 118 231 65 95 85 69 69 106 112 102 116 102 105 86 78 82 34 45 138 147 132 148 121 119 103 89 91 81 54 47 51 57 85 218 225 105 82 80 73 68 65 58 51 56 89 81 64 39 31 33 49 57 65 48 35 29 29 32 58 55 51 46 48 39 121 233 61 96 87 69 72 70 68 67 68 72 73 84 98 98 79 46 94 88 86 99 99 99 96 83 61 53 52 50 55 93 162 229 191 79 85 80 71 65 59 51 48 71 79 76 54 34 29 56 65 48 44 50 38 32 30 39 66 60 52 47 51 36 116 232 58 99 91 85 84 66 60 68 81 88 95 105 101 99 93 60 109 112 106 103 92 75 61 61 69 83 108 134 158 178 193 227 143 81 83 75 67 62 55 51 73 75 70 51 35 30 41 59 63 47 44 40 38 34 40 65 64 49 45 45 51 44 130 233 55 99 95 105 115 91 80 97 108 115 115 109 108 99 95 77 164 171 162 158 158 160 164 171 176 178 177 175 173 177 190 212 97 84 79 72 65 58 56 76 75 65 55 30 29 33 62 54 51 52 42 39 36 32 53 62 49 50 43 45 51 61 197 235 53 101 92 99 116 115 99 82 62 75 96 131 122 98 95 84 192 218 210 206 201 196 192 188 184 180 175 171 168 159 175 158 81 78 76 68 59 57 77 79 67 57 42 26 41 52 53 53 45 49 49 46 36 46 48 57 51 39 41 47 48 131 233 235 59 102 93 70 99 104 100 97 108 142 142 111 98 105 94 86 188 219 210 207 202 199 194 189 184 179 173 157 132 149 192 129 81 80 72 66 61 76 81 68 59 49 37 42 58 62 44 41 36 28 31 34 44 55 50 46 43 35 43 47 45 145 234 235 71 106 97 61 70 86 94 93 99 107 124 158 77 96 91 87 180 215 207 204 199 194 186 175 161 148 148 168 201 221 214 95 75 72 66 65 78 77 69 60 52 43 30 38 70 58 60 47 42 42 34 47 47 49 42 45 50 36 41 45 44 145 234 235 90 115 102 72 50 63 82 101 111 116 144 123 111 68 88 89 150 181 177 175 176 179 187 198 211 225 232 235 235 235 190 75 81 77 72 81 73 67 63 57 47 34 42 54 55 43 50 50 39 36 44 49 46 45 44 42 38 33 40 43 46 132 224 224 99 121 107 69 44 47 57 77 104 100 148 107 104 61 88 88 189 235 235 235 235 235 235 235 235 235 235 235 235 234 154 82 82 81 82 74 67 64 62 47 37 33 66 61 45 44 36 31 32 41 48 49 45 36 34 33 33 33 38 41 45 100 158 163 108 120 114 73 54 60 49 54 67 87 150 119 77 62 91 87 183 235 235 235 235 235 235 235 235 235 235 235 235 219 102 78 89 82 70 63 84 112 52 52 80 113 132 146 167 150 51 36 46 55 54 62 81 94 99 103 100 94 75 52 44 91 128 135 120 113 118 89 64 62 62 61 73 89 123 169 138 99 97 84 177 235 235 235 235 235 235 235 235 235 235 235 224 142 64 82 77 65 69 136 174 165 116 127 116 94 83 99 137 213 171 103 99 102 110 124 133 145 147 152 153 154 156 153 140 135 121 126 129 99 123 106 74 62 71 75 86 98 99 97 157 145 98 78 175 235 235 235 235 235 235 235 235 235 233 197 123 77 77 64 57 54 120 171 144 46 37 40 43 41 38 37 74 188 209 140 124 132 138 145 147 154 156 155 155 154 155 156 158 166 179 153 141 71 125 113 96 74 67 71 70 89 90 83 108 111 102 67 168 235 235 235 235 235 235 235 235 231 179 101 82 73 64 61 90 122 111 110 104 24 21 22 22 22 23 26 29 169 218 160 76 165 189 192 185 174 177 173 161 155 155 148 143 144 152 174 154 46 113 116 110 93 75 71 72 84 96 109 108 101 96 44 162 235 235 235 235 235 235 235 231 178 102 79 69 75 120 146 135 127 126 100 91 18 21 22 23 23 29 64 97 150 210 188 57 116 100 105 125 116 130 139 143 155 172 170 177 182 184 183 166 43 74 120 112 107 98 91 91 99 107 115 113 100 75 23 154 235 235 235 235 235 235 223 178 126 89 76 118 129 112 107 119 141 149 129 88 18 20 29 43 27 28 62 76 130 209 192 62 99 67 71 99 70 91 103 71 111 133 119 107 130 85 99 176 45 40 90 119 109 106 106 107 109 112 117 112 91 34 21 139 234 235 235 235 235 234 169 135 153 159 158 158 140 134 131 120 106 97 81 43 17 19 31 45 27 30 57 54 125 211 203 65 109 72 84 102 64 96 94 81 112 125 148 102 87 68 64 184 47 40 38 83 112 110 108 110 111 112 117 97 37 26 21 128 233 235 201 181 212 221 202 92 90 102 111 107 100 98 95 91 76 58 40 26 18 19 28 37 23 26 60 55 115 204 220 89 103 80 96 105 88 110 110 89 120 120 93 86 108 43 68 194 52 40 37 37 51 82 96 103 100 92 78 67 82 76 24 112 233 234 163 133 137 138 126 78 55 52 52 59 65 60 52 46 44 41 33 24 18 19 26 30 22 28 59 57 96 187 222 149 75 82 82 85 76 101 82 65 121 133 119 126 135 119 125 201 57 40 64 121 97 87 85 98 69 97 112 101 77 74 46 104 232 229 134 127 122 114 104 87 64 83 52 39 40 42 44 37 34 31 31 22 18 18 25 27 23 32 55 57 81 176 198 191 100 70 103 89 66 108 78 77 123 112 127 97 97 47 88 207 64 40 73 95 87 72 59 87 56 83 85 90 80 82 37 92 228 209 126 99 83 82 84 90 84 81 63 42 33 34 30 25 21 20 20 20 18 19 25 25 23 35 51 51 61 143 188 212 130 69 110 104 88 113 103 95 124 109 144 95 77 73 80 213 71 41 69 112 76 106 100 115 101 90 86 87 97 96 43 81 198 121 93 130 148 94 72 65 64 74 53 42 35 20 28 32 34 33 32 20 18 19 24 23 24 38 48 48 56 109 181 215 165 54 90 75 73 107 69 68 129 122 106 115 106 73 105 218 81 41 53 105 104 114 94 49 93 109 99 101 61 39 33 74 120 125 176 187 168 139 106 87 75 64 49 47 38 31 39 42 42 41 35 18 18 19 24 21 27 42 46 47 55 75 160 200 188 81 100 77 69 105 59 65 128 104 94 127 121 111 129 224 92 42 40 61 67 67 76 55 63 63 60 85 51 40 67 69 81 133 161 193 207 208 202 187 153 122 99 77 34 41 34 39 38 35 29 19 18 19 24 21 25 47 43 46 53 59 135 184 196 124 98 89 89 108 89 95 122 69 79 93 66 65 96 228 135 87 48 45 43 48 80 84 79 75 59 52 45 72 65 46 66 134 191 235 235 235 235 235 221 187 155 126 75 61 82 93 95 99 69 31 31 32 36 33 41 55 48 52 59 61 100 174 196 152 98 78 80 103 59 80 129 63 57 98 66 78 91 
opening a file to write the results
need to copy the data received from host to img1
img1 = 0x20003824 img2 = 0x20004824
0 img1 95 ptrs.buf 95 
1 img1 100 ptrs.buf 100 
2 img1 103 ptrs.buf 103 
3 img1 106 ptrs.buf 106 
4 img1 108 ptrs.buf 108 
4091 img1 57 ptrs.buf 57 
4092 img1 98 ptrs.buf 98 
4093 img1 66 ptrs.buf 66 
4094 img1 78 ptrs.buf 78 
4095 img1 91 ptrs.buf 91 
need to copy the data from img1 to img2
0 img2 95 img1 95 
1 img2 100 img1 100 
2 img2 103 img1 103 
3 img2 106 img1 106 
4 img2 108 img1 108 
4091 img2 57 img1 57 
4092 img2 98 img1 98 
4093 img2 66 img1 66 
4094 img2 78 img1 78 
4095 img2 91 img1 91 
klt
(KLT) Selecting the 100 best features from a 64 by 64 image...  
	4 features found.
Feature #0:  (37.000000,29.000000) with value of 19844
Feature #1:  (28.000000,39.000000) with value of 9270
Feature #2:  (24.000000,29.000000) with value of 4393
Feature #3:  (38.000000,39.000000) with value of 465
Feature #4:  (-1.000000,-1.000000) with value of -1
Feature #5:  (-1.000000,-1.000000) with value of -1
Feature #6:  (-1.000000,-1.000000) with value of -1
Feature #7:  (-1.000000,-1.000000) with value of -1
Feature #8:  (-1.000000,-1.000000) with value of -1
Feature #9:  (-1.000000,-1.000000) with value of -1
Feature #10:  (-1.000000,-1.000000) with value of -1
Feature #11:  (-1.000000,-1.000000) with value of -1
Feature #12:  (-1.000000,-1.000000) with value of -1
Feature #13:  (-1.000000,-1.000000) with value of -1
Feature #14:  (-1.000000,-1.000000) with value of -1
Feature #15:  (-1.000000,-1.000000) with value of -1
Feature #16:  (-1.000000,-1.000000) with value of -1
Feature #17:  (-1.000000,-1.000000) with value of -1
Feature #18:  (-1.000000,-1.000000) with value of -1
Feature #19:  (-1.000000,-1.000000) with value of -1
Feature #20:  (-1.000000,-1.000000) with value of -1
Feature #21:  (-1.000000,-1.000000) with value of -1
Feature #22:  (-1.000000,-1.000000) with value of -1
Feature #23:  (-1.000000,-1.000000) with value of -1
Feature #24:  (-1.000000,-1.000000) with value of -1
Feature #25:  (-1.000000,-1.000000) with value of -1
Feature #26:  (-1.000000,-1.000000) with value of -1
Feature #27:  (-1.000000,-1.000000) with value of -1
Feature #28:  (-1.000000,-1.000000) with value of -1
Feature #29:  (-1.000000,-1.000000) with value of -1
Feature #30:  (-1.000000,-1.000000) with value of -1
Feature #31:  (-1.000000,-1.000000) with value of -1
Feature #32:  (-1.000000,-1.000000) with value of -1
Feature #33:  (-1.000000,-1.000000) with value of -1
Feature #34:  (-1.000000,-1.000000) with value of -1
Feature #35:  (-1.000000,-1.000000) with value of -1
Feature #36:  (-1.000000,-1.000000) with value of -1
Feature #37:  (-1.000000,-1.000000) with value of -1
Feature #38:  (-1.000000,-1.000000) with value of -1
Feature #39:  (-1.000000,-1.000000) with value of -1
Feature #40:  (-1.000000,-1.000000) with value of -1
Feature #41:  (-1.000000,-1.000000) with value of -1
Feature #42:  (-1.000000,-1.000000) with value of -1
Feature #43:  (-1.000000,-1.000000) with value of -1
Feature #44:  (-1.000000,-1.000000) with value of -1
Feature #45:  (-1.000000,-1.000000) with value of -1
Feature #46:  (-1.000000,-1.000000) with value of -1
Feature #47:  (-1.000000,-1.000000) with value of -1
Feature #48:  (-1.000000,-1.000000) with value of -1
Feature #49:  (-1.000000,-1.000000) with value of -1
Feature #50:  (-1.000000,-1.000000) with value of -1
Feature #51:  (-1.000000,-1.000000) with value of -1
Feature #52:  (-1.000000,-1.000000) with value of -1
Feature #53:  (-1.000000,-1.000000) with value of -1
Feature #54:  (-1.000000,-1.000000) with value of -1
Feature #55:  (-1.000000,-1.000000) with value of -1
Feature #56:  (-1.000000,-1.000000) with value of -1
Feature #57:  (-1.000000,-1.000000) with value of -1
Feature #58:  (-1.000000,-1.000000) with value of -1
Feature #59:  (-1.000000,-1.000000) with value of -1
Feature #60:  (-1.000000,-1.000000) with value of -1
Feature #61:  (-1.000000,-1.000000) with value of -1
Feature #62:  (-1.000000,-1.000000) with value of -1
Feature #63:  (-1.000000,-1.000000) with value of -1
Feature #64:  (-1.000000,-1.000000) with value of -1
Feature #65:  (-1.000000,-1.000000) with value of -1
Feature #66:  (-1.000000,-1.000000) with value of -1
Feature #67:  (-1.000000,-1.000000) with value of -1
Feature #68:  (-1.000000,-1.000000) with value of -1
Feature #69:  (-1.000000,-1.000000) with value of -1
Feature #70:  (-1.000000,-1.000000) with value of -1
Feature #71:  (-1.000000,-1.000000) with value of -1
Feature #72:  (-1.000000,-1.000000) with value of -1
Feature #73:  (-1.000000,-1.000000) with value of -1
Feature #74:  (-1.000000,-1.000000) with value of -1
Feature #75:  (-1.000000,-1.000000) with value of -1
Feature #76:  (-1.000000,-1.000000) with value of -1
Feature #77:  (-1.000000,-1.000000) with value of -1
Feature #78:  (-1.000000,-1.000000) with value of -1
Feature #79:  (-1.000000,-1.000000) with value of -1
Feature #80:  (-1.000000,-1.000000) with value of -1
Feature #81:  (-1.000000,-1.000000) with value of -1
Feature #82:  (-1.000000,-1.000000) with value of -1
Feature #83:  (-1.000000,-1.000000) with value of -1
Feature #84:  (-1.000000,-1.000000) with value of -1
Feature #85:  (-1.000000,-1.000000) with value of -1
Feature #86:  (-1.000000,-1.000000) with value of -1
Feature #87:  (-1.000000,-1.000000) with value of -1
Feature #88:  (-1.000000,-1.000000) with value of -1
Feature #89:  (-1.000000,-1.000000) with value of -1
Feature #90:  (-1.000000,-1.000000) with value of -1
Feature #91:  (-1.000000,-1.000000) with value of -1
Feature #92:  (-1.000000,-1.000000) with value of -1
Feature #93:  (-1.000000,-1.000000) with value of -1
Feature #94:  (-1.000000,-1.000000) with value of -1
Feature #95:  (-1.000000,-1.000000) with value of -1
Feature #96:  (-1.000000,-1.000000) with value of -1
Feature #97:  (-1.000000,-1.000000) with value of -1
Feature #98:  (-1.000000,-1.000000) with value of -1
Feature #99:  (-1.000000,-1.000000) with value of -1
this is the string 0 0 

/: 